11000101011000010001101000000100000101000001011100110010110110101 011011001011110000100110011010011
11111110110010001100000110111100011110001111001011000011011100110 101110111101110111000010100101111
00100000010110000011000110101000101010110000000110000101100001110 011001011010110011011011100101111
01111101111100001111111001110011111111100010001010001111000100011 101111100000100111000110110000001
01001001011101010001111000100010000100011011011101111010011111000 001011011001011001001100010011110
11011010010001101010010010110101001100000000001100011011001111011 100001010010010011011111111110111
01000111010100101010101001100011011111010001010010000111000011100 011000100011001110011000110111101
01000100010010000001110000111000011010110100110001111110111110100 010101111100101001001101100110110
11100011100100011000010000010100001000001001001000110000111010011 100000100001000111011010011110010
01100111100010000001001111010100011100111100101111000110111001010 011011011010100111101101010111001
