0000011000000001000101101111110001100001011000111001110000001101 001100001111011011001101100001001
1000111110110001000101000001001110001101010111111001010010100000 010011000101001000001001011000011
0101010001001000011011011001101111011111111000110100011011000111 100000011111110001111011001011111
0010011101111101111010100101101011101111101010100001011010011111 100010011110100000011101010010001
0101100101001101100110101100100111111001000010011110110000101011 100101111000010000101101110100000
0010010100001000110010100011000001110010000000000110100110101111 010001111001111111010101100101111
0100100000100001011111100001111101010011001111000011011011010101 001110110110001010011000011010100
0110011000010000100111011111101000100110100110101101001111011111 001100101100101100100111101111111
0001100101110000101001110100100110010001111011111011000000001111 010100010100011110000000011111111
0000110001111110111010011100001101010100110001001001101100101100 001100000001011001100110100100110
