11000101011000010001101000000100000101000001011100110010110110101 010110010111100001001100110111110
11111110110010001100000110111100011110001111001011000011011100110 111101111011101110000101001011111
00100000010110000011000110101000101010110000000110000101100001110 010010110101100110110111001011111
01111101111100001111111001110011111111100010001010001111000100011 111111000001001110001101100001010
01001001011101010001111000100010000100011011011101111010011111000 010110110010110010011000100111100
11011010010001101010010010110101001100000000001100011011001111011 100010100100100110111111111100110
01000111010100101010101001100011011111010001010010000111000011100 110001000110011100110001011100010
01000100010010000001110000111000011010110100110001111110111110100 101011111001010010011011001100100
11100011100100011000010000010100001000001001001000110000111010011 100001000010001110110100111111100
01100111100010000001001111010100011100111100101111000110111001010 110110110101001111011010101110010
